[ Version: 5 ]
PT9-384-Assay.pd.txt
23	0		0		0		0		0		0		0		0		0		0		0		0		0		0		0		0		0		0		0		0		0		0		0	
1
23	0		0		0		0		0		0		0		0		0		0		0		0		0		0		0		0		0		0		0		0		0		0		0	
CDM_base_stock$029980c305e47c357aac61c0ad0fdb170bfdcc20		Normal
Well	1
40.0	40.0	40.0	40.0	40.0	40.0	40.0	40.0	40.0	40.0	40.0	40.0	40.0	40.0	40.0	40.0	40.0	40.0	40.0	40.0	40.0	40.0	40.0	40.0
40.0	40.0	40.0	40.0	40.0	40.0	40.0	40.0	40.0	40.0	40.0	40.0	40.0	40.0	40.0	40.0	40.0	40.0	40.0	40.0	40.0	40.0	40.0	40.0
40.0	40.0	40.0	40.0	40.0	40.0	40.0	40.0	40.0	40.0	40.0	40.0	40.0	40.0	40.0	40.0	40.0	40.0	40.0	40.0	40.0	40.0	40.0	40.0
40.0	40.0	40.0	40.0	40.0	40.0	40.0	40.0	40.0	40.0	40.0	40.0	40.0	40.0	40.0	40.0	40.0	40.0	40.0	40.0	40.0	40.0	40.0	40.0
40.0	40.0	40.0	40.0	40.0	40.0	40.0	40.0	40.0	40.0	40.0	40.0	40.0	40.0	40.0	40.0	40.0	40.0	40.0	40.0	40.0	40.0	40.0	40.0
40.0	40.0	40.0	40.0	40.0	40.0	40.0	40.0	40.0	40.0	40.0	40.0	40.0	40.0	40.0	40.0	40.0	40.0	40.0	40.0	40.0	40.0	40.0	40.0
40.0	40.0	40.0	40.0	40.0	40.0	40.0	40.0	40.0	40.0	40.0	40.0	40.0	40.0	40.0	40.0	40.0	40.0	40.0	40.0	40.0	40.0	40.0	40.0
40.0	40.0	40.0	40.0	40.0	40.0	40.0	40.0	40.0	40.0	40.0	40.0	40.0	40.0	40.0	40.0	40.0	40.0	40.0	40.0	40.0	40.0	40.0	40.0
40.0	40.0	40.0	40.0	40.0	40.0	40.0	40.0	40.0	40.0	40.0	40.0	40.0	40.0	40.0	40.0	40.0	40.0	40.0	40.0	40.0	40.0	40.0	40.0
40.0	40.0	40.0	40.0	40.0	40.0	40.0	40.0	40.0	40.0	40.0	40.0	40.0	40.0	40.0	40.0	40.0	40.0	40.0	40.0	40.0	40.0	40.0	40.0
40.0	40.0	40.0	40.0	40.0	40.0	40.0	40.0	40.0	40.0	40.0	40.0	40.0	40.0	40.0	40.0	40.0	40.0	40.0	40.0	40.0	40.0	40.0	40.0
40.0	40.0	40.0	40.0	40.0	40.0	40.0	40.0	40.0	40.0	40.0	40.0	40.0	40.0	40.0	40.0	40.0	40.0	40.0	40.0	40.0	40.0	40.0	40.0
40.0	40.0	40.0	40.0	40.0	40.0	40.0	40.0	40.0	40.0	40.0	40.0	40.0	40.0	40.0	40.0	40.0	40.0	40.0	40.0	40.0	40.0	40.0	40.0
40.0	40.0	40.0	40.0	40.0	40.0	40.0	40.0	40.0	0.0	0.0	0.0	0.0	0.0	0.0	0.0	0.0	0.0	0.0	0.0	0.0	0.0	0.0	0.0
0.0	0.0	0.0	0.0	0.0	0.0	0.0	0.0	0.0	0.0	0.0	0.0	0.0	0.0	0.0	0.0	0.0	0.0	0.0	0.0	0.0	0.0	0.0	0.0
0.0	0.0	0.0	0.0	0.0	0.0	0.0	0.0	0.0	0.0	0.0	0.0	0.0	0.0	0.0	0.0	0.0	0.0	0.0	0.0	0.0	0.0	0.0	0.0
ammoniums_100x_stock$1c96a3761389d04ce22fe399c1c06866cac540a1		Normal
Well	1
0.1	0.1	0.1	0.1	0.1	0.1	0.1	0.1	0.1	0.8	0.1	0.1	0.1	0.1	0.1	0.1	0.1	0.1	0.8	0.1	0.1	0.1	0.1	0.8
0.1	0.1	0.1	0.1	0.1	0.1	0.1	0.1	0.1	0.1	0.1	0.1	0.1	0.1	0.8	0.1	0.1	0.1	0.1	0.1	0.8	0.1	0.1	0.1
0.1	0.1	0.1	0.1	0.1	0.1	0.8	0.1	0.1	0.1	0.1	0.1	0.8	0.1	0.1	0.1	0.1	0.1	0.1	0.1	0.1	0.1	0.1	0.1
0.1	0.1	0.8	0.1	0.1	0.1	0.1	0.1	0.8	0.1	0.1	0.1	0.1	0.1	0.1	0.1	0.1	0.8	0.1	0.1	0.1	0.1	0.1	0.1
0.1	0.1	0.1	0.1	0.1	0.1	0.1	0.1	0.1	0.1	0.1	0.8	0.1	0.8	0.8	0.8	0.8	0.1	0.8	0.1	0.1	0.1	0.1	0.8
0.1	0.1	0.1	0.1	0.1	0.1	0.1	0.1	0.1	0.1	0.1	0.1	0.1	0.1	0.1	0.8	0.1	0.1	0.1	0.1	0.1	0.1	0.1	0.1
0.1	0.1	0.1	0.1	0.1	0.1	0.1	0.1	0.1	0.1	0.1	0.1	0.1	0.1	0.1	0.1	0.1	0.1	0.1	0.8	0.1	0.1	0.8	0.1
0.1	0.1	0.1	0.1	0.1	0.1	0.1	0.1	0.1	0.1	0.1	0.1	0.1	0.1	0.1	0.8	0.1	0.1	0.1	0.1	0.8	0.1	0.1	0.1
0.1	0.1	0.1	0.1	0.1	0.1	0.1	0.1	0.1	0.1	0.1	0.1	0.1	0.1	0.1	0.1	0.8	0.1	0.1	0.1	0.1	0.1	0.1	0.1
0.1	0.1	0.1	0.1	0.1	0.8	0.1	0.1	0.8	0.1	0.1	0.8	0.1	0.1	0.1	0.1	0.8	0.1	0.1	0.1	0.8	0.1	0.1	0.1
0.1	0.1	0.1	0.1	0.1	0.1	0.1	0.1	0.1	0.1	0.1	0.1	0.1	0.1	0.1	0.1	0.1	0.1	0.8	0.8	0.1	0.1	0.1	0.1
0.1	0.1	0.1	0.1	0.1	0.1	0.1	0.1	0.1	0.8	0.1	0.1	0.1	0.1	0.1	0.1	0.1	0.1	0.1	0.1	0.1	0.1	0.1	0.1
0.1	0.1	0.1	0.1	0.1	0.1	0.1	0.8	0.1	0.1	0.1	0.1	0.1	0.1	0.8	0.1	0.8	0.1	0.1	0.1	0.1	0.1	0.1	0.1
0.1	0.1	0.1	0.1	0.1	0.8	0.1	0.1	0.8	0.0	0.0	0.0	0.0	0.0	0.0	0.0	0.0	0.0	0.0	0.0	0.0	0.0	0.0	0.0
0.0	0.0	0.0	0.0	0.0	0.0	0.0	0.0	0.0	0.0	0.0	0.0	0.0	0.0	0.0	0.0	0.0	0.0	0.0	0.0	0.0	0.0	0.0	0.0
0.0	0.0	0.0	0.0	0.0	0.0	0.0	0.0	0.0	0.0	0.0	0.0	0.0	0.0	0.0	0.0	0.0	0.0	0.0	0.0	0.0	0.0	0.0	0.0
dl_alanine_100x_stock$28e8ee55340d48094ce8e3b98d0c6c881c778170		Normal
Well	1
0.8	0.8	0.8	0.8	0.0	0.8	0.8	0.8	0.8	0.8	0.8	0.8	0.8	0.8	0.8	0.8	0.8	0.8	0.0	0.8	0.0	0.8	0.8	0.8
0.8	0.8	0.8	0.8	0.8	0.8	0.8	0.8	0.8	0.8	0.8	0.0	0.8	0.8	0.8	0.8	0.8	0.8	0.8	0.8	0.8	0.8	0.8	0.8
0.0	0.8	0.8	0.8	0.8	0.8	0.8	0.8	0.8	0.8	0.8	0.8	0.8	0.8	0.8	0.8	0.8	0.8	0.8	0.8	0.0	0.0	0.8	0.8
0.8	0.8	0.8	0.8	0.8	0.0	0.8	0.8	0.8	0.8	0.8	0.8	0.8	0.8	0.8	0.8	0.8	0.8	0.8	0.8	0.8	0.8	0.8	0.8
0.8	0.8	0.8	0.8	0.8	0.8	0.0	0.8	0.8	0.8	0.8	0.8	0.8	0.8	0.8	0.8	0.8	0.8	0.8	0.8	0.8	0.8	0.8	0.8
0.8	0.8	0.8	0.8	0.8	0.8	0.8	0.8	0.8	0.8	0.8	0.8	0.8	0.8	0.8	0.8	0.0	0.8	0.8	0.8	0.8	0.0	0.8	0.8
0.0	0.8	0.8	0.8	0.8	0.8	0.8	0.8	0.8	0.8	0.8	0.8	0.8	0.8	0.8	0.0	0.8	0.8	0.0	0.8	0.8	0.8	0.0	0.8
0.8	0.8	0.8	0.0	0.8	0.8	0.0	0.8	0.8	0.8	0.8	0.8	0.8	0.8	0.0	0.8	0.8	0.8	0.8	0.8	0.8	0.8	0.8	0.8
0.8	0.8	0.8	0.8	0.8	0.8	0.8	0.8	0.8	0.8	0.8	0.8	0.8	0.8	0.8	0.0	0.8	0.8	0.8	0.8	0.8	0.8	0.8	0.8
0.0	0.8	0.8	0.8	0.8	0.8	0.8	0.8	0.0	0.8	0.8	0.8	0.8	0.8	0.8	0.0	0.8	0.8	0.8	0.8	0.8	0.8	0.8	0.8
0.8	0.8	0.8	0.8	0.8	0.8	0.8	0.8	0.0	0.8	0.8	0.8	0.8	0.0	0.8	0.8	0.8	0.8	0.8	0.8	0.8	0.8	0.0	0.8
0.8	0.8	0.8	0.8	0.8	0.8	0.8	0.8	0.8	0.8	0.8	0.8	0.8	0.8	0.8	0.8	0.8	0.8	0.8	0.8	0.8	0.8	0.0	0.8
0.8	0.8	0.8	0.8	0.8	0.8	0.0	0.8	0.8	0.8	0.8	0.8	0.8	0.8	0.8	0.8	0.8	0.8	0.0	0.8	0.8	0.8	0.8	0.0
0.8	0.0	0.8	0.8	0.8	0.8	0.8	0.8	0.8	0.0	0.0	0.0	0.0	0.0	0.0	0.0	0.0	0.0	0.0	0.0	0.0	0.0	0.0	0.0
0.0	0.0	0.0	0.0	0.0	0.0	0.0	0.0	0.0	0.0	0.0	0.0	0.0	0.0	0.0	0.0	0.0	0.0	0.0	0.0	0.0	0.0	0.0	0.0
0.0	0.0	0.0	0.0	0.0	0.0	0.0	0.0	0.0	0.0	0.0	0.0	0.0	0.0	0.0	0.0	0.0	0.0	0.0	0.0	0.0	0.0	0.0	0.0
glycine_100x_stock$f529248d44ecbe12b57c141356e72d0b099e1baa		Normal
Well	1
0.8	0.8	0.8	0.8	0.8	0.8	0.8	0.8	0.8	0.8	0.8	0.0	0.8	0.8	0.8	0.8	0.0	0.8	0.8	0.8	0.8	0.8	0.8	0.8
0.8	0.8	0.8	0.8	0.8	0.8	0.8	0.8	0.8	0.0	0.8	0.8	0.8	0.8	0.8	0.8	0.8	0.8	0.8	0.8	0.8	0.8	0.8	0.8
0.8	0.8	0.0	0.8	0.8	0.8	0.8	0.8	0.8	0.8	0.8	0.8	0.8	0.0	0.8	0.0	0.8	0.8	0.8	0.8	0.8	0.8	0.8	0.8
0.8	0.8	0.8	0.8	0.8	0.8	0.8	0.8	0.0	0.8	0.0	0.8	0.8	0.8	0.8	0.0	0.8	0.8	0.8	0.8	0.8	0.8	0.8	0.8
0.8	0.8	0.8	0.8	0.8	0.0	0.8	0.8	0.8	0.8	0.8	0.8	0.8	0.8	0.8	0.8	0.8	0.8	0.8	0.0	0.8	0.8	0.8	0.8
0.8	0.8	0.8	0.8	0.8	0.8	0.8	0.8	0.8	0.8	0.0	0.0	0.8	0.8	0.8	0.8	0.8	0.8	0.8	0.8	0.8	0.8	0.0	0.8
0.8	0.8	0.8	0.8	0.8	0.8	0.8	0.8	0.8	0.8	0.8	0.0	0.8	0.8	0.8	0.8	0.8	0.8	0.8	0.8	0.8	0.8	0.8	0.8
0.8	0.8	0.8	0.8	0.8	0.8	0.8	0.8	0.8	0.8	0.8	0.8	0.8	0.8	0.8	0.8	0.8	0.8	0.8	0.8	0.8	0.8	0.0	0.0
0.8	0.8	0.8	0.8	0.8	0.8	0.8	0.8	0.0	0.8	0.8	0.8	0.8	0.8	0.8	0.8	0.8	0.8	0.8	0.8	0.8	0.8	0.8	0.8
0.8	0.8	0.8	0.8	0.8	0.8	0.8	0.8	0.8	0.8	0.8	0.8	0.8	0.0	0.8	0.8	0.8	0.8	0.8	0.8	0.8	0.0	0.8	0.8
0.8	0.8	0.8	0.8	0.0	0.8	0.8	0.8	0.8	0.8	0.8	0.8	0.0	0.8	0.8	0.8	0.8	0.8	0.8	0.8	0.8	0.8	0.8	0.8
0.8	0.8	0.8	0.8	0.0	0.8	0.8	0.8	0.8	0.8	0.8	0.8	0.8	0.8	0.0	0.8	0.8	0.8	0.0	0.8	0.8	0.8	0.8	0.0
0.8	0.8	0.8	0.0	0.8	0.8	0.8	0.8	0.8	0.8	0.8	0.8	0.8	0.8	0.0	0.8	0.0	0.0	0.8	0.8	0.8	0.8	0.8	0.8
0.8	0.8	0.8	0.8	0.8	0.8	0.8	0.8	0.8	0.0	0.0	0.0	0.0	0.0	0.0	0.0	0.0	0.0	0.0	0.0	0.0	0.0	0.0	0.0
0.0	0.0	0.0	0.0	0.0	0.0	0.0	0.0	0.0	0.0	0.0	0.0	0.0	0.0	0.0	0.0	0.0	0.0	0.0	0.0	0.0	0.0	0.0	0.0
0.0	0.0	0.0	0.0	0.0	0.0	0.0	0.0	0.0	0.0	0.0	0.0	0.0	0.0	0.0	0.0	0.0	0.0	0.0	0.0	0.0	0.0	0.0	0.0
l_arginine_100x_stock$d79710e5492579c601b1b0b90667ee3a4d9e23a6		Normal
Well	1
0.8	0.0	0.8	0.8	0.8	0.8	0.8	0.8	0.8	0.8	0.8	0.8	0.8	0.8	0.8	0.8	0.8	0.8	0.8	0.8	0.8	0.8	0.8	0.8
0.8	0.8	0.8	0.8	0.8	0.8	0.8	0.8	0.8	0.8	0.8	0.0	0.8	0.8	0.8	0.8	0.8	0.8	0.8	0.8	0.8	0.8	0.8	0.8
0.8	0.8	0.8	0.8	0.8	0.8	0.8	0.8	0.8	0.8	0.0	0.8	0.8	0.8	0.8	0.8	0.8	0.8	0.8	0.8	0.8	0.8	0.8	0.8
0.8	0.8	0.8	0.8	0.8	0.8	0.8	0.8	0.8	0.8	0.8	0.8	0.8	0.8	0.8	0.8	0.8	0.8	0.8	0.8	0.8	0.8	0.8	0.8
0.8	0.0	0.8	0.0	0.8	0.8	0.8	0.0	0.8	0.0	0.8	0.8	0.8	0.8	0.8	0.8	0.8	0.8	0.8	0.8	0.8	0.8	0.8	0.8
0.8	0.8	0.8	0.8	0.8	0.0	0.8	0.8	0.8	0.0	0.8	0.8	0.8	0.8	0.8	0.8	0.8	0.8	0.8	0.8	0.8	0.8	0.8	0.8
0.8	0.8	0.8	0.8	0.8	0.8	0.8	0.8	0.8	0.8	0.8	0.8	0.8	0.8	0.8	0.8	0.8	0.8	0.8	0.8	0.8	0.8	0.8	0.0
0.8	0.8	0.8	0.8	0.0	0.8	0.0	0.0	0.8	0.8	0.8	0.8	0.0	0.0	0.8	0.8	0.8	0.8	0.8	0.8	0.8	0.8	0.8	0.8
0.8	0.0	0.8	0.8	0.8	0.8	0.8	0.8	0.8	0.8	0.8	0.8	0.8	0.0	0.8	0.8	0.8	0.8	0.8	0.0	0.8	0.8	0.8	0.8
0.8	0.0	0.0	0.8	0.0	0.8	0.8	0.8	0.8	0.8	0.0	0.8	0.0	0.8	0.0	0.8	0.8	0.8	0.8	0.8	0.8	0.8	0.8	0.8
0.8	0.8	0.8	0.8	0.8	0.8	0.8	0.8	0.8	0.8	0.8	0.8	0.8	0.8	0.8	0.8	0.8	0.8	0.8	0.8	0.8	0.8	0.8	0.0
0.8	0.8	0.8	0.8	0.8	0.8	0.8	0.8	0.8	0.8	0.8	0.8	0.8	0.8	0.8	0.8	0.8	0.8	0.8	0.8	0.8	0.8	0.8	0.8
0.8	0.8	0.8	0.8	0.8	0.8	0.8	0.8	0.8	0.8	0.8	0.8	0.0	0.8	0.8	0.8	0.8	0.8	0.8	0.8	0.8	0.8	0.8	0.0
0.8	0.8	0.8	0.8	0.8	0.8	0.8	0.8	0.8	0.0	0.0	0.0	0.0	0.0	0.0	0.0	0.0	0.0	0.0	0.0	0.0	0.0	0.0	0.0
0.0	0.0	0.0	0.0	0.0	0.0	0.0	0.0	0.0	0.0	0.0	0.0	0.0	0.0	0.0	0.0	0.0	0.0	0.0	0.0	0.0	0.0	0.0	0.0
0.0	0.0	0.0	0.0	0.0	0.0	0.0	0.0	0.0	0.0	0.0	0.0	0.0	0.0	0.0	0.0	0.0	0.0	0.0	0.0	0.0	0.0	0.0	0.0
l_asparagine_100x_stock$7dfaea4b6518542fdd66217d765052462de08382		Normal
Well	1
0.0	0.8	0.8	0.0	0.8	0.8	0.8	0.8	0.8	0.8	0.0	0.8	0.8	0.8	0.8	0.8	0.0	0.8	0.8	0.8	0.8	0.8	0.0	0.8
0.8	0.8	0.8	0.8	0.8	0.8	0.8	0.8	0.8	0.8	0.0	0.8	0.8	0.8	0.8	0.8	0.8	0.8	0.8	0.8	0.8	0.8	0.8	0.8
0.8	0.8	0.8	0.8	0.8	0.8	0.8	0.0	0.8	0.8	0.8	0.8	0.8	0.0	0.8	0.8	0.8	0.8	0.8	0.0	0.8	0.8	0.8	0.8
0.8	0.8	0.8	0.8	0.8	0.8	0.8	0.0	0.8	0.8	0.8	0.8	0.8	0.8	0.8	0.8	0.8	0.0	0.8	0.8	0.8	0.8	0.8	0.8
0.8	0.8	0.8	0.8	0.8	0.8	0.8	0.8	0.8	0.8	0.8	0.8	0.8	0.8	0.8	0.8	0.8	0.8	0.8	0.0	0.0	0.8	0.8	0.8
0.8	0.8	0.8	0.8	0.8	0.8	0.8	0.8	0.8	0.8	0.8	0.8	0.8	0.8	0.8	0.8	0.8	0.8	0.8	0.8	0.8	0.8	0.8	0.8
0.8	0.8	0.8	0.8	0.0	0.8	0.8	0.8	0.8	0.0	0.8	0.8	0.8	0.8	0.8	0.8	0.8	0.0	0.8	0.8	0.8	0.8	0.8	0.8
0.8	0.8	0.8	0.8	0.8	0.8	0.8	0.8	0.8	0.8	0.8	0.0	0.8	0.8	0.8	0.8	0.8	0.8	0.8	0.8	0.8	0.0	0.8	0.8
0.8	0.8	0.0	0.0	0.8	0.8	0.8	0.8	0.8	0.8	0.0	0.8	0.8	0.8	0.8	0.8	0.8	0.0	0.8	0.8	0.8	0.8	0.8	0.8
0.8	0.8	0.8	0.8	0.8	0.0	0.8	0.0	0.8	0.8	0.8	0.8	0.8	0.8	0.8	0.8	0.8	0.8	0.8	0.8	0.8	0.8	0.8	0.8
0.8	0.8	0.8	0.8	0.8	0.8	0.8	0.8	0.8	0.8	0.8	0.8	0.8	0.8	0.8	0.8	0.8	0.8	0.8	0.0	0.0	0.0	0.8	0.8
0.8	0.8	0.8	0.8	0.8	0.8	0.8	0.0	0.0	0.8	0.8	0.8	0.8	0.8	0.8	0.8	0.8	0.8	0.8	0.8	0.8	0.8	0.8	0.8
0.8	0.8	0.8	0.8	0.8	0.8	0.8	0.8	0.8	0.8	0.8	0.8	0.8	0.8	0.8	0.8	0.8	0.8	0.8	0.8	0.8	0.8	0.8	0.8
0.8	0.8	0.0	0.8	0.8	0.8	0.8	0.8	0.8	0.0	0.0	0.0	0.0	0.0	0.0	0.0	0.0	0.0	0.0	0.0	0.0	0.0	0.0	0.0
0.0	0.0	0.0	0.0	0.0	0.0	0.0	0.0	0.0	0.0	0.0	0.0	0.0	0.0	0.0	0.0	0.0	0.0	0.0	0.0	0.0	0.0	0.0	0.0
0.0	0.0	0.0	0.0	0.0	0.0	0.0	0.0	0.0	0.0	0.0	0.0	0.0	0.0	0.0	0.0	0.0	0.0	0.0	0.0	0.0	0.0	0.0	0.0
l_aspartic_acid_45x_stock$5c0d8b015f8d4bef5eebd0879682bc2849acac70		Normal
Well	1
1.8	1.8	1.8	1.8	1.8	1.8	1.8	0.0	1.8	1.8	1.8	1.8	1.8	1.8	1.8	1.8	1.8	1.8	1.8	0.0	0.0	1.8	1.8	1.8
0.0	1.8	1.8	1.8	1.8	1.8	1.8	1.8	0.0	1.8	1.8	1.8	1.8	1.8	1.8	1.8	1.8	1.8	0.0	1.8	1.8	1.8	0.0	1.8
1.8	1.8	1.8	1.8	1.8	0.0	1.8	1.8	1.8	1.8	1.8	1.8	1.8	1.8	1.8	1.8	1.8	1.8	0.0	1.8	1.8	1.8	0.0	1.8
0.0	0.0	1.8	1.8	1.8	1.8	1.8	1.8	1.8	1.8	1.8	1.8	1.8	0.0	1.8	1.8	1.8	1.8	1.8	1.8	1.8	1.8	0.0	0.0
0.0	1.8	1.8	1.8	0.0	1.8	1.8	0.0	1.8	1.8	1.8	1.8	1.8	1.8	1.8	1.8	1.8	1.8	1.8	1.8	0.0	1.8	1.8	1.8
1.8	1.8	1.8	1.8	1.8	1.8	1.8	1.8	1.8	1.8	1.8	1.8	1.8	1.8	1.8	1.8	1.8	0.0	1.8	1.8	1.8	0.0	1.8	1.8
1.8	1.8	1.8	1.8	1.8	1.8	0.0	1.8	1.8	1.8	1.8	1.8	1.8	1.8	1.8	1.8	1.8	1.8	1.8	1.8	1.8	1.8	1.8	1.8
0.0	1.8	1.8	1.8	0.0	0.0	1.8	1.8	1.8	1.8	1.8	0.0	0.0	1.8	1.8	1.8	1.8	1.8	1.8	1.8	1.8	1.8	1.8	1.8
1.8	1.8	1.8	1.8	1.8	1.8	0.0	1.8	1.8	0.0	1.8	1.8	1.8	1.8	1.8	1.8	1.8	0.0	1.8	1.8	1.8	1.8	1.8	1.8
1.8	1.8	1.8	0.0	1.8	1.8	1.8	1.8	1.8	1.8	1.8	1.8	1.8	1.8	1.8	1.8	1.8	1.8	1.8	0.0	1.8	1.8	1.8	1.8
1.8	1.8	1.8	1.8	1.8	1.8	1.8	1.8	1.8	1.8	1.8	1.8	1.8	1.8	1.8	1.8	1.8	1.8	1.8	1.8	1.8	1.8	1.8	1.8
1.8	0.0	1.8	1.8	1.8	1.8	1.8	1.8	1.8	1.8	1.8	1.8	0.0	1.8	1.8	1.8	1.8	1.8	1.8	0.0	1.8	0.0	1.8	1.8
1.8	0.0	1.8	1.8	1.8	1.8	0.0	1.8	1.8	1.8	1.8	1.8	1.8	1.8	1.8	1.8	1.8	1.8	1.8	1.8	1.8	1.8	1.8	1.8
1.8	1.8	1.8	1.8	0.0	1.8	1.8	1.8	1.8	0.0	0.0	0.0	0.0	0.0	0.0	0.0	0.0	0.0	0.0	0.0	0.0	0.0	0.0	0.0
0.0	0.0	0.0	0.0	0.0	0.0	0.0	0.0	0.0	0.0	0.0	0.0	0.0	0.0	0.0	0.0	0.0	0.0	0.0	0.0	0.0	0.0	0.0	0.0
0.0	0.0	0.0	0.0	0.0	0.0	0.0	0.0	0.0	0.0	0.0	0.0	0.0	0.0	0.0	0.0	0.0	0.0	0.0	0.0	0.0	0.0	0.0	0.0
l_cysteine_100x_stock$95390a9ca9752740b01f44d5e4609d61030b14c8		Normal
Well	1
0.8	0.8	0.8	0.8	0.8	0.8	0.8	0.8	0.0	0.8	0.8	0.8	0.8	0.0	0.8	0.8	0.8	0.8	0.8	0.8	0.8	0.0	0.8	0.8
0.8	0.8	0.8	0.8	0.8	0.0	0.8	0.8	0.8	0.8	0.8	0.8	0.8	0.8	0.8	0.8	0.8	0.8	0.8	0.8	0.8	0.8	0.8	0.8
0.8	0.8	0.8	0.0	0.0	0.8	0.8	0.8	0.0	0.8	0.8	0.8	0.8	0.8	0.0	0.8	0.8	0.8	0.8	0.8	0.8	0.8	0.0	0.8
0.8	0.8	0.8	0.8	0.8	0.8	0.8	0.8	0.8	0.8	0.8	0.8	0.8	0.8	0.8	0.0	0.8	0.8	0.8	0.8	0.8	0.8	0.8	0.0
0.8	0.8	0.8	0.8	0.0	0.0	0.8	0.8	0.8	0.8	0.8	0.8	0.8	0.8	0.8	0.8	0.8	0.8	0.8	0.8	0.8	0.8	0.8	0.8
0.8	0.8	0.8	0.8	0.0	0.8	0.0	0.8	0.8	0.8	0.8	0.8	0.8	0.8	0.8	0.8	0.8	0.8	0.8	0.8	0.8	0.8	0.8	0.8
0.8	0.8	0.8	0.0	0.8	0.8	0.8	0.8	0.8	0.8	0.8	0.8	0.8	0.8	0.8	0.8	0.8	0.8	0.8	0.8	0.8	0.8	0.8	0.8
0.8	0.8	0.8	0.8	0.8	0.8	0.8	0.8	0.8	0.8	0.8	0.8	0.8	0.8	0.8	0.8	0.8	0.8	0.8	0.8	0.8	0.8	0.8	0.8
0.8	0.8	0.8	0.8	0.8	0.8	0.8	0.8	0.8	0.8	0.8	0.8	0.8	0.8	0.8	0.8	0.8	0.8	0.8	0.8	0.8	0.8	0.8	0.8
0.8	0.8	0.8	0.8	0.8	0.8	0.0	0.8	0.8	0.8	0.8	0.8	0.8	0.8	0.8	0.8	0.8	0.8	0.8	0.8	0.8	0.8	0.8	0.8
0.8	0.8	0.8	0.8	0.0	0.0	0.8	0.8	0.8	0.8	0.8	0.8	0.8	0.8	0.8	0.8	0.8	0.8	0.8	0.8	0.8	0.8	0.8	0.8
0.8	0.8	0.8	0.8	0.8	0.8	0.8	0.8	0.8	0.8	0.8	0.8	0.8	0.8	0.8	0.8	0.8	0.8	0.8	0.8	0.8	0.8	0.8	0.8
0.8	0.8	0.8	0.8	0.8	0.8	0.8	0.8	0.8	0.0	0.8	0.8	0.8	0.8	0.8	0.8	0.8	0.8	0.8	0.8	0.8	0.8	0.8	0.8
0.0	0.8	0.8	0.8	0.8	0.8	0.8	0.8	0.8	0.0	0.0	0.0	0.0	0.0	0.0	0.0	0.0	0.0	0.0	0.0	0.0	0.0	0.0	0.0
0.0	0.0	0.0	0.0	0.0	0.0	0.0	0.0	0.0	0.0	0.0	0.0	0.0	0.0	0.0	0.0	0.0	0.0	0.0	0.0	0.0	0.0	0.0	0.0
0.0	0.0	0.0	0.0	0.0	0.0	0.0	0.0	0.0	0.0	0.0	0.0	0.0	0.0	0.0	0.0	0.0	0.0	0.0	0.0	0.0	0.0	0.0	0.0
l_glutamic_acid_75x_stock$0b407db33d4dab95272c36909810126b20466d1c		Normal
Well	1
1.1	1.1	1.1	1.1	1.1	1.1	1.1	1.1	1.1	1.1	1.1	1.1	1.1	1.1	0.0	1.1	1.1	0.0	1.1	1.1	1.1	0.0	1.1	1.1
1.1	1.1	0.0	1.1	1.1	1.1	1.1	1.1	1.1	1.1	0.0	1.1	1.1	1.1	1.1	0.0	1.1	1.1	1.1	1.1	1.1	1.1	1.1	1.1
1.1	0.0	1.1	0.0	1.1	1.1	1.1	1.1	1.1	1.1	1.1	1.1	1.1	1.1	1.1	1.1	0.0	1.1	1.1	1.1	1.1	1.1	1.1	1.1
1.1	1.1	1.1	1.1	1.1	1.1	1.1	1.1	1.1	1.1	1.1	1.1	1.1	1.1	0.0	1.1	0.0	1.1	1.1	1.1	0.0	1.1	1.1	1.1
1.1	0.0	1.1	1.1	1.1	1.1	1.1	1.1	1.1	1.1	1.1	1.1	1.1	1.1	1.1	1.1	1.1	1.1	1.1	1.1	1.1	0.0	1.1	1.1
1.1	1.1	0.0	1.1	1.1	1.1	0.0	0.0	1.1	1.1	1.1	1.1	1.1	0.0	1.1	1.1	1.1	1.1	1.1	0.0	1.1	1.1	1.1	1.1
1.1	1.1	1.1	1.1	1.1	1.1	1.1	1.1	1.1	1.1	0.0	1.1	1.1	1.1	1.1	0.0	1.1	1.1	1.1	1.1	1.1	1.1	1.1	1.1
1.1	0.0	1.1	1.1	1.1	1.1	1.1	1.1	0.0	1.1	0.0	1.1	1.1	1.1	1.1	1.1	1.1	1.1	0.0	1.1	1.1	1.1	1.1	1.1
1.1	1.1	1.1	1.1	0.0	1.1	1.1	1.1	1.1	1.1	1.1	1.1	1.1	1.1	1.1	1.1	1.1	1.1	1.1	1.1	0.0	1.1	1.1	1.1
1.1	1.1	1.1	1.1	1.1	1.1	1.1	1.1	1.1	1.1	0.0	1.1	0.0	1.1	1.1	1.1	1.1	0.0	1.1	1.1	1.1	1.1	1.1	1.1
1.1	1.1	1.1	1.1	1.1	1.1	0.0	1.1	1.1	1.1	1.1	0.0	1.1	0.0	1.1	1.1	1.1	1.1	1.1	1.1	1.1	1.1	1.1	1.1
1.1	1.1	1.1	1.1	1.1	0.0	1.1	0.0	1.1	1.1	0.0	1.1	1.1	1.1	1.1	1.1	1.1	1.1	1.1	1.1	1.1	1.1	1.1	1.1
1.1	1.1	1.1	1.1	1.1	1.1	1.1	1.1	1.1	1.1	1.1	1.1	1.1	1.1	1.1	1.1	1.1	1.1	0.0	1.1	1.1	1.1	1.1	1.1
1.1	1.1	0.0	1.1	1.1	1.1	0.0	1.1	1.1	0.0	0.0	0.0	0.0	0.0	0.0	0.0	0.0	0.0	0.0	0.0	0.0	0.0	0.0	0.0
0.0	0.0	0.0	0.0	0.0	0.0	0.0	0.0	0.0	0.0	0.0	0.0	0.0	0.0	0.0	0.0	0.0	0.0	0.0	0.0	0.0	0.0	0.0	0.0
0.0	0.0	0.0	0.0	0.0	0.0	0.0	0.0	0.0	0.0	0.0	0.0	0.0	0.0	0.0	0.0	0.0	0.0	0.0	0.0	0.0	0.0	0.0	0.0
l_glutamine_100x_stock$67ee36a8fa9b0367aed3583cb0659e3977e5ee83		Normal
Well	1
0.8	0.8	0.8	0.8	0.8	0.8	0.8	0.8	0.8	0.8	0.8	0.0	0.8	0.8	0.8	0.8	0.8	0.8	0.8	0.8	0.8	0.8	0.8	0.8
0.8	0.8	0.8	0.8	0.8	0.8	0.8	0.8	0.0	0.8	0.8	0.8	0.0	0.0	0.8	0.8	0.8	0.8	0.8	0.8	0.8	0.0	0.0	0.8
0.8	0.8	0.0	0.8	0.8	0.8	0.8	0.8	0.8	0.0	0.8	0.8	0.8	0.8	0.8	0.8	0.8	0.8	0.8	0.8	0.8	0.8	0.8	0.8
0.8	0.8	0.8	0.0	0.8	0.8	0.8	0.8	0.8	0.8	0.8	0.8	0.0	0.8	0.0	0.8	0.8	0.8	0.8	0.8	0.8	0.8	0.8	0.8
0.8	0.8	0.8	0.8	0.8	0.8	0.8	0.8	0.8	0.8	0.8	0.8	0.8	0.8	0.0	0.8	0.8	0.8	0.8	0.8	0.8	0.8	0.8	0.8
0.8	0.8	0.8	0.8	0.8	0.8	0.8	0.8	0.8	0.8	0.8	0.0	0.8	0.8	0.8	0.8	0.8	0.8	0.0	0.8	0.0	0.8	0.8	0.8
0.8	0.8	0.0	0.8	0.8	0.8	0.8	0.8	0.8	0.8	0.0	0.8	0.8	0.8	0.8	0.8	0.8	0.8	0.8	0.8	0.8	0.0	0.8	0.8
0.8	0.8	0.8	0.8	0.8	0.8	0.8	0.8	0.8	0.8	0.8	0.8	0.8	0.8	0.8	0.8	0.8	0.8	0.8	0.8	0.8	0.8	0.8	0.8
0.8	0.8	0.8	0.8	0.8	0.8	0.8	0.8	0.8	0.8	0.8	0.8	0.8	0.8	0.8	0.8	0.8	0.8	0.0	0.8	0.8	0.8	0.8	0.0
0.8	0.8	0.8	0.8	0.8	0.8	0.8	0.8	0.8	0.8	0.8	0.8	0.8	0.8	0.8	0.8	0.8	0.8	0.8	0.0	0.8	0.8	0.8	0.8
0.8	0.8	0.0	0.8	0.8	0.8	0.8	0.8	0.8	0.8	0.8	0.8	0.8	0.8	0.8	0.8	0.8	0.8	0.8	0.8	0.8	0.8	0.8	0.8
0.8	0.8	0.8	0.8	0.8	0.0	0.0	0.8	0.8	0.0	0.8	0.8	0.8	0.8	0.8	0.8	0.8	0.8	0.8	0.8	0.8	0.8	0.8	0.8
0.8	0.8	0.0	0.8	0.8	0.8	0.8	0.8	0.8	0.8	0.8	0.8	0.8	0.8	0.8	0.8	0.8	0.8	0.8	0.8	0.8	0.8	0.8	0.8
0.8	0.8	0.8	0.8	0.8	0.0	0.8	0.8	0.8	0.0	0.0	0.0	0.0	0.0	0.0	0.0	0.0	0.0	0.0	0.0	0.0	0.0	0.0	0.0
0.0	0.0	0.0	0.0	0.0	0.0	0.0	0.0	0.0	0.0	0.0	0.0	0.0	0.0	0.0	0.0	0.0	0.0	0.0	0.0	0.0	0.0	0.0	0.0
0.0	0.0	0.0	0.0	0.0	0.0	0.0	0.0	0.0	0.0	0.0	0.0	0.0	0.0	0.0	0.0	0.0	0.0	0.0	0.0	0.0	0.0	0.0	0.0
l_histidine_100x_stock$c214d14d897c3fd906be97aaff04634c0ec456a5		Normal
Well	1
0.8	0.8	0.8	0.8	0.8	0.8	0.8	0.8	0.8	0.8	0.8	0.8	0.0	0.8	0.8	0.8	0.8	0.8	0.8	0.8	0.8	0.8	0.8	0.8
0.0	0.8	0.0	0.8	0.0	0.8	0.8	0.8	0.8	0.8	0.8	0.8	0.8	0.8	0.8	0.0	0.8	0.8	0.8	0.8	0.8	0.8	0.8	0.8
0.8	0.8	0.8	0.8	0.8	0.8	0.8	0.0	0.8	0.8	0.8	0.0	0.8	0.8	0.8	0.8	0.0	0.8	0.8	0.8	0.8	0.8	0.8	0.8
0.8	0.0	0.8	0.8	0.8	0.8	0.8	0.8	0.8	0.8	0.8	0.8	0.8	0.8	0.8	0.8	0.8	0.8	0.8	0.8	0.8	0.8	0.8	0.8
0.0	0.8	0.0	0.8	0.8	0.8	0.0	0.8	0.8	0.8	0.8	0.8	0.8	0.8	0.8	0.0	0.8	0.0	0.8	0.8	0.8	0.8	0.0	0.8
0.8	0.8	0.8	0.8	0.8	0.8	0.8	0.8	0.8	0.8	0.8	0.8	0.8	0.8	0.8	0.8	0.8	0.8	0.8	0.8	0.8	0.8	0.8	0.8
0.0	0.8	0.8	0.8	0.8	0.8	0.8	0.8	0.8	0.8	0.8	0.8	0.8	0.8	0.8	0.8	0.8	0.8	0.8	0.8	0.8	0.8	0.8	0.8
0.8	0.8	0.8	0.8	0.8	0.8	0.8	0.8	0.8	0.0	0.8	0.8	0.8	0.8	0.0	0.8	0.8	0.0	0.8	0.8	0.8	0.0	0.8	0.8
0.8	0.8	0.8	0.8	0.8	0.0	0.8	0.0	0.8	0.8	0.8	0.8	0.8	0.8	0.8	0.8	0.0	0.8	0.8	0.8	0.8	0.8	0.8	0.8
0.8	0.8	0.8	0.8	0.8	0.8	0.8	0.8	0.8	0.8	0.8	0.8	0.8	0.8	0.8	0.8	0.8	0.8	0.8	0.8	0.8	0.8	0.8	0.8
0.8	0.8	0.8	0.8	0.8	0.8	0.8	0.8	0.8	0.8	0.8	0.8	0.8	0.8	0.8	0.8	0.8	0.8	0.0	0.8	0.8	0.8	0.8	0.8
0.8	0.8	0.8	0.8	0.8	0.8	0.8	0.8	0.0	0.8	0.8	0.8	0.8	0.8	0.8	0.8	0.8	0.8	0.8	0.8	0.8	0.8	0.8	0.8
0.8	0.8	0.8	0.8	0.8	0.8	0.8	0.8	0.8	0.8	0.0	0.0	0.8	0.8	0.8	0.8	0.8	0.8	0.8	0.8	0.8	0.8	0.8	0.8
0.8	0.8	0.8	0.8	0.8	0.8	0.8	0.8	0.8	0.0	0.0	0.0	0.0	0.0	0.0	0.0	0.0	0.0	0.0	0.0	0.0	0.0	0.0	0.0
0.0	0.0	0.0	0.0	0.0	0.0	0.0	0.0	0.0	0.0	0.0	0.0	0.0	0.0	0.0	0.0	0.0	0.0	0.0	0.0	0.0	0.0	0.0	0.0
0.0	0.0	0.0	0.0	0.0	0.0	0.0	0.0	0.0	0.0	0.0	0.0	0.0	0.0	0.0	0.0	0.0	0.0	0.0	0.0	0.0	0.0	0.0	0.0
l_isoleucine_100x_stock$32a1780eadfe1813192dfb7dd2eae0e781968ced		Normal
Well	1
0.8	0.8	0.8	0.8	0.8	0.8	0.8	0.8	0.8	0.8	0.8	0.8	0.8	0.8	0.8	0.0	0.8	0.8	0.8	0.8	0.8	0.8	0.8	0.8
0.8	0.0	0.8	0.8	0.8	0.8	0.8	0.8	0.8	0.0	0.8	0.8	0.8	0.8	0.8	0.8	0.8	0.8	0.8	0.8	0.8	0.8	0.8	0.8
0.8	0.8	0.8	0.8	0.8	0.8	0.8	0.8	0.8	0.8	0.8	0.8	0.8	0.8	0.8	0.0	0.8	0.8	0.8	0.8	0.8	0.8	0.8	0.8
0.0	0.8	0.8	0.8	0.8	0.8	0.8	0.8	0.8	0.8	0.8	0.8	0.8	0.8	0.8	0.8	0.8	0.8	0.8	0.8	0.8	0.8	0.8	0.8
0.8	0.8	0.0	0.8	0.8	0.8	0.8	0.8	0.0	0.0	0.8	0.8	0.8	0.8	0.8	0.8	0.8	0.0	0.8	0.8	0.8	0.8	0.0	0.8
0.8	0.8	0.8	0.8	0.8	0.0	0.8	0.8	0.8	0.8	0.0	0.8	0.8	0.8	0.0	0.8	0.8	0.8	0.8	0.8	0.8	0.8	0.8	0.8
0.8	0.0	0.8	0.8	0.8	0.0	0.8	0.0	0.8	0.8	0.8	0.8	0.8	0.8	0.8	0.8	0.8	0.8	0.8	0.8	0.8	0.8	0.8	0.8
0.8	0.8	0.8	0.8	0.8	0.8	0.8	0.8	0.8	0.8	0.8	0.8	0.8	0.8	0.8	0.8	0.8	0.8	0.0	0.8	0.8	0.8	0.8	0.8
0.8	0.8	0.8	0.8	0.0	0.8	0.8	0.8	0.8	0.8	0.8	0.8	0.8	0.8	0.8	0.8	0.8	0.8	0.8	0.8	0.8	0.8	0.8	0.8
0.8	0.8	0.8	0.8	0.8	0.8	0.8	0.8	0.8	0.0	0.8	0.8	0.8	0.8	0.0	0.8	0.8	0.8	0.8	0.8	0.8	0.8	0.8	0.0
0.0	0.8	0.8	0.8	0.8	0.8	0.0	0.8	0.8	0.0	0.8	0.8	0.8	0.8	0.8	0.8	0.8	0.8	0.8	0.8	0.8	0.8	0.8	0.8
0.8	0.0	0.0	0.8	0.8	0.8	0.8	0.8	0.8	0.8	0.8	0.8	0.8	0.8	0.8	0.8	0.8	0.0	0.8	0.8	0.8	0.8	0.8	0.8
0.8	0.8	0.8	0.8	0.8	0.8	0.8	0.8	0.8	0.8	0.8	0.8	0.8	0.8	0.8	0.8	0.8	0.8	0.8	0.0	0.8	0.8	0.0	0.8
0.8	0.8	0.8	0.8	0.0	0.8	0.8	0.8	0.8	0.0	0.0	0.0	0.0	0.0	0.0	0.0	0.0	0.0	0.0	0.0	0.0	0.0	0.0	0.0
0.0	0.0	0.0	0.0	0.0	0.0	0.0	0.0	0.0	0.0	0.0	0.0	0.0	0.0	0.0	0.0	0.0	0.0	0.0	0.0	0.0	0.0	0.0	0.0
0.0	0.0	0.0	0.0	0.0	0.0	0.0	0.0	0.0	0.0	0.0	0.0	0.0	0.0	0.0	0.0	0.0	0.0	0.0	0.0	0.0	0.0	0.0	0.0
l_leucine_100x_stock$741ee7b590d093a4fd037d9e4f9cf76455203000		Normal
Well	1
0.8	0.8	0.8	0.8	0.8	0.8	0.8	0.8	0.8	0.8	0.8	0.8	0.8	0.8	0.8	0.8	0.8	0.8	0.8	0.8	0.8	0.8	0.8	0.8
0.8	0.8	0.8	0.8	0.8	0.0	0.8	0.8	0.8	0.8	0.8	0.8	0.8	0.8	0.8	0.8	0.0	0.0	0.8	0.0	0.8	0.8	0.8	0.8
0.8	0.8	0.8	0.8	0.8	0.8	0.8	0.8	0.0	0.8	0.8	0.8	0.8	0.8	0.8	0.8	0.8	0.8	0.8	0.8	0.8	0.0	0.8	0.8
0.8	0.8	0.8	0.8	0.8	0.8	0.8	0.8	0.8	0.8	0.8	0.8	0.8	0.8	0.8	0.8	0.8	0.8	0.8	0.8	0.8	0.0	0.8	0.8
0.8	0.8	0.8	0.8	0.8	0.8	0.8	0.8	0.8	0.8	0.8	0.8	0.8	0.8	0.8	0.8	0.8	0.8	0.8	0.8	0.8	0.8	0.8	0.8
0.8	0.8	0.8	0.0	0.8	0.8	0.8	0.8	0.8	0.0	0.8	0.8	0.8	0.8	0.8	0.8	0.8	0.8	0.0	0.8	0.8	0.8	0.8	0.8
0.8	0.8	0.0	0.0	0.8	0.8	0.8	0.8	0.8	0.8	0.8	0.8	0.8	0.0	0.8	0.8	0.0	0.8	0.8	0.8	0.8	0.8	0.8	0.8
0.8	0.8	0.8	0.8	0.8	0.8	0.8	0.0	0.8	0.8	0.8	0.8	0.8	0.8	0.8	0.8	0.8	0.8	0.8	0.0	0.8	0.8	0.8	0.8
0.8	0.8	0.8	0.8	0.8	0.8	0.8	0.8	0.8	0.8	0.8	0.8	0.8	0.8	0.8	0.8	0.8	0.8	0.8	0.8	0.8	0.8	0.8	0.8
0.8	0.8	0.8	0.8	0.8	0.8	0.8	0.8	0.8	0.8	0.8	0.8	0.8	0.8	0.8	0.8	0.8	0.8	0.8	0.8	0.8	0.8	0.8	0.8
0.8	0.8	0.0	0.8	0.8	0.8	0.8	0.0	0.8	0.8	0.8	0.8	0.8	0.8	0.0	0.8	0.0	0.8	0.8	0.8	0.8	0.8	0.8	0.8
0.8	0.8	0.8	0.8	0.8	0.8	0.8	0.8	0.8	0.8	0.8	0.8	0.8	0.8	0.8	0.8	0.8	0.8	0.8	0.8	0.0	0.8	0.0	0.8
0.8	0.8	0.8	0.8	0.8	0.8	0.8	0.8	0.8	0.8	0.8	0.8	0.0	0.8	0.8	0.8	0.8	0.8	0.8	0.8	0.8	0.8	0.8	0.8
0.8	0.0	0.8	0.8	0.8	0.8	0.8	0.8	0.8	0.0	0.0	0.0	0.0	0.0	0.0	0.0	0.0	0.0	0.0	0.0	0.0	0.0	0.0	0.0
0.0	0.0	0.0	0.0	0.0	0.0	0.0	0.0	0.0	0.0	0.0	0.0	0.0	0.0	0.0	0.0	0.0	0.0	0.0	0.0	0.0	0.0	0.0	0.0
0.0	0.0	0.0	0.0	0.0	0.0	0.0	0.0	0.0	0.0	0.0	0.0	0.0	0.0	0.0	0.0	0.0	0.0	0.0	0.0	0.0	0.0	0.0	0.0
l_lysine_100x_stock$96abae0d5744904b23f998bc321886640746d0fc		Normal
Well	1
0.8	0.8	0.8	0.8	0.8	0.8	0.8	0.8	0.8	0.8	0.8	0.8	0.8	0.8	0.8	0.8	0.8	0.8	0.8	0.8	0.8	0.8	0.8	0.8
0.8	0.0	0.8	0.0	0.8	0.8	0.8	0.8	0.8	0.8	0.8	0.8	0.8	0.8	0.8	0.8	0.8	0.8	0.8	0.8	0.8	0.8	0.8	0.0
0.8	0.0	0.8	0.8	0.8	0.8	0.8	0.8	0.8	0.8	0.8	0.8	0.0	0.8	0.8	0.8	0.8	0.8	0.8	0.0	0.8	0.8	0.8	0.0
0.8	0.8	0.8	0.8	0.8	0.8	0.8	0.0	0.8	0.0	0.8	0.8	0.0	0.8	0.8	0.8	0.8	0.8	0.8	0.0	0.8	0.0	0.8	0.8
0.8	0.8	0.8	0.8	0.8	0.8	0.8	0.8	0.8	0.8	0.8	0.8	0.0	0.8	0.8	0.8	0.8	0.8	0.8	0.8	0.8	0.8	0.8	0.8
0.8	0.8	0.8	0.8	0.8	0.8	0.8	0.8	0.8	0.8	0.8	0.8	0.8	0.8	0.8	0.8	0.8	0.8	0.8	0.8	0.8	0.8	0.8	0.8
0.8	0.8	0.8	0.8	0.8	0.0	0.8	0.0	0.8	0.8	0.8	0.8	0.8	0.8	0.8	0.8	0.0	0.8	0.8	0.0	0.8	0.8	0.8	0.8
0.8	0.8	0.8	0.8	0.8	0.8	0.8	0.8	0.8	0.8	0.0	0.8	0.8	0.8	0.8	0.0	0.0	0.8	0.8	0.8	0.8	0.8	0.8	0.8
0.8	0.8	0.8	0.0	0.8	0.8	0.8	0.8	0.8	0.8	0.8	0.0	0.0	0.0	0.8	0.8	0.8	0.8	0.0	0.8	0.8	0.8	0.8	0.8
0.8	0.0	0.0	0.8	0.8	0.8	0.8	0.8	0.8	0.8	0.8	0.8	0.8	0.8	0.8	0.8	0.8	0.0	0.8	0.8	0.8	0.8	0.0	0.8
0.8	0.8	0.8	0.8	0.8	0.8	0.8	0.0	0.8	0.8	0.8	0.8	0.0	0.8	0.8	0.8	0.8	0.8	0.8	0.8	0.8	0.8	0.8	0.8
0.8	0.8	0.8	0.0	0.8	0.8	0.8	0.8	0.8	0.8	0.8	0.8	0.8	0.8	0.8	0.0	0.8	0.8	0.8	0.8	0.8	0.8	0.8	0.0
0.8	0.8	0.0	0.0	0.0	0.8	0.8	0.8	0.8	0.8	0.8	0.8	0.8	0.8	0.8	0.8	0.8	0.8	0.8	0.8	0.0	0.0	0.8	0.8
0.8	0.8	0.8	0.8	0.8	0.8	0.8	0.8	0.8	0.0	0.0	0.0	0.0	0.0	0.0	0.0	0.0	0.0	0.0	0.0	0.0	0.0	0.0	0.0
0.0	0.0	0.0	0.0	0.0	0.0	0.0	0.0	0.0	0.0	0.0	0.0	0.0	0.0	0.0	0.0	0.0	0.0	0.0	0.0	0.0	0.0	0.0	0.0
0.0	0.0	0.0	0.0	0.0	0.0	0.0	0.0	0.0	0.0	0.0	0.0	0.0	0.0	0.0	0.0	0.0	0.0	0.0	0.0	0.0	0.0	0.0	0.0
l_methionine_100x_stock$6f592c26703c8d02ec53cf66ddb0396732667016		Normal
Well	1
0.8	0.8	0.8	0.8	0.8	0.8	0.8	0.8	0.8	0.8	0.8	0.8	0.0	0.8	0.8	0.8	0.8	0.8	0.8	0.8	0.8	0.8	0.8	0.8
0.8	0.8	0.8	0.8	0.0	0.8	0.0	0.8	0.8	0.8	0.8	0.8	0.8	0.8	0.8	0.8	0.8	0.8	0.0	0.8	0.8	0.8	0.8	0.8
0.8	0.8	0.8	0.8	0.8	0.8	0.8	0.8	0.8	0.8	0.8	0.8	0.8	0.8	0.8	0.8	0.8	0.0	0.8	0.8	0.8	0.8	0.8	0.0
0.8	0.8	0.8	0.8	0.8	0.8	0.8	0.8	0.8	0.0	0.8	0.8	0.8	0.8	0.8	0.8	0.8	0.8	0.0	0.0	0.8	0.8	0.0	0.8
0.8	0.8	0.8	0.8	0.8	0.8	0.8	0.8	0.8	0.8	0.8	0.8	0.8	0.0	0.8	0.8	0.8	0.8	0.8	0.8	0.8	0.8	0.8	0.0
0.8	0.8	0.8	0.8	0.8	0.8	0.8	0.8	0.8	0.8	0.8	0.8	0.8	0.8	0.8	0.8	0.8	0.8	0.8	0.0	0.8	0.8	0.8	0.8
0.8	0.8	0.8	0.8	0.8	0.8	0.8	0.8	0.0	0.8	0.8	0.8	0.8	0.8	0.8	0.8	0.8	0.8	0.8	0.8	0.8	0.8	0.8	0.8
0.8	0.0	0.8	0.8	0.8	0.8	0.8	0.8	0.0	0.8	0.8	0.8	0.8	0.8	0.8	0.8	0.8	0.8	0.8	0.8	0.0	0.8	0.8	0.8
0.0	0.8	0.8	0.8	0.8	0.0	0.8	0.8	0.8	0.8	0.8	0.8	0.8	0.8	0.8	0.0	0.8	0.8	0.8	0.8	0.8	0.0	0.8	0.8
0.0	0.8	0.8	0.8	0.8	0.8	0.8	0.8	0.8	0.8	0.8	0.8	0.8	0.8	0.8	0.0	0.8	0.8	0.8	0.8	0.8	0.8	0.8	0.8
0.8	0.0	0.8	0.8	0.8	0.8	0.8	0.8	0.8	0.8	0.8	0.8	0.8	0.8	0.8	0.8	0.8	0.0	0.8	0.8	0.8	0.8	0.8	0.8
0.8	0.8	0.8	0.8	0.8	0.8	0.8	0.8	0.8	0.8	0.8	0.8	0.8	0.8	0.8	0.8	0.8	0.8	0.8	0.8	0.8	0.8	0.8	0.8
0.8	0.0	0.8	0.8	0.8	0.8	0.8	0.8	0.0	0.8	0.8	0.8	0.8	0.8	0.8	0.8	0.8	0.8	0.8	0.8	0.8	0.8	0.8	0.8
0.8	0.8	0.8	0.8	0.8	0.8	0.8	0.8	0.8	0.0	0.0	0.0	0.0	0.0	0.0	0.0	0.0	0.0	0.0	0.0	0.0	0.0	0.0	0.0
0.0	0.0	0.0	0.0	0.0	0.0	0.0	0.0	0.0	0.0	0.0	0.0	0.0	0.0	0.0	0.0	0.0	0.0	0.0	0.0	0.0	0.0	0.0	0.0
0.0	0.0	0.0	0.0	0.0	0.0	0.0	0.0	0.0	0.0	0.0	0.0	0.0	0.0	0.0	0.0	0.0	0.0	0.0	0.0	0.0	0.0	0.0	0.0
l_phenylalanine_100x_stock$fa5c21c35b5a2b0b66150e597e7a1db8753523f3		Normal
Well	1
0.8	0.8	0.8	0.8	0.8	0.8	0.0	0.0	0.8	0.0	0.8	0.8	0.8	0.8	0.8	0.8	0.8	0.8	0.8	0.8	0.8	0.8	0.8	0.0
0.8	0.8	0.8	0.8	0.8	0.8	0.8	0.8	0.8	0.8	0.8	0.8	0.8	0.8	0.8	0.8	0.8	0.8	0.8	0.8	0.8	0.8	0.8	0.0
0.8	0.8	0.8	0.8	0.0	0.0	0.8	0.8	0.8	0.8	0.8	0.8	0.8	0.8	0.8	0.8	0.8	0.8	0.8	0.8	0.8	0.8	0.8	0.8
0.8	0.8	0.8	0.8	0.8	0.8	0.8	0.8	0.8	0.8	0.8	0.0	0.8	0.8	0.8	0.8	0.8	0.8	0.8	0.8	0.8	0.8	0.8	0.8
0.8	0.8	0.8	0.8	0.8	0.8	0.8	0.8	0.0	0.8	0.8	0.8	0.0	0.8	0.8	0.8	0.0	0.8	0.8	0.8	0.8	0.8	0.8	0.8
0.8	0.8	0.8	0.8	0.0	0.8	0.8	0.8	0.8	0.8	0.8	0.8	0.0	0.8	0.8	0.8	0.8	0.8	0.8	0.8	0.8	0.8	0.8	0.8
0.8	0.8	0.8	0.8	0.8	0.8	0.8	0.8	0.8	0.0	0.8	0.8	0.0	0.8	0.0	0.8	0.8	0.8	0.8	0.8	0.8	0.8	0.8	0.8
0.8	0.8	0.8	0.8	0.8	0.8	0.8	0.8	0.8	0.8	0.8	0.8	0.8	0.8	0.8	0.8	0.8	0.8	0.8	0.8	0.8	0.8	0.8	0.8
0.8	0.8	0.8	0.8	0.8	0.8	0.8	0.8	0.0	0.8	0.8	0.0	0.8	0.8	0.0	0.8	0.8	0.8	0.8	0.8	0.8	0.8	0.8	0.8
0.8	0.8	0.8	0.0	0.8	0.8	0.8	0.8	0.8	0.8	0.8	0.8	0.8	0.8	0.8	0.8	0.8	0.8	0.0	0.8	0.8	0.8	0.8	0.8
0.8	0.8	0.8	0.8	0.8	0.8	0.8	0.8	0.8	0.0	0.0	0.8	0.8	0.8	0.8	0.8	0.8	0.8	0.8	0.8	0.0	0.0	0.8	0.8
0.8	0.8	0.8	0.8	0.0	0.8	0.8	0.8	0.8	0.8	0.8	0.8	0.8	0.8	0.8	0.8	0.8	0.8	0.8	0.8	0.8	0.8	0.8	0.8
0.0	0.8	0.8	0.8	0.8	0.8	0.8	0.8	0.8	0.8	0.8	0.8	0.8	0.8	0.8	0.8	0.8	0.0	0.8	0.8	0.8	0.8	0.0	0.8
0.0	0.8	0.8	0.8	0.8	0.8	0.8	0.8	0.8	0.0	0.0	0.0	0.0	0.0	0.0	0.0	0.0	0.0	0.0	0.0	0.0	0.0	0.0	0.0
0.0	0.0	0.0	0.0	0.0	0.0	0.0	0.0	0.0	0.0	0.0	0.0	0.0	0.0	0.0	0.0	0.0	0.0	0.0	0.0	0.0	0.0	0.0	0.0
0.0	0.0	0.0	0.0	0.0	0.0	0.0	0.0	0.0	0.0	0.0	0.0	0.0	0.0	0.0	0.0	0.0	0.0	0.0	0.0	0.0	0.0	0.0	0.0
l_serine_100x_stock$62bf9e581489eef627558faf19c136dccef0eb13		Normal
Well	1
0.8	0.0	0.0	0.8	0.0	0.8	0.8	0.8	0.8	0.8	0.8	0.8	0.8	0.8	0.0	0.8	0.8	0.8	0.8	0.8	0.8	0.8	0.8	0.8
0.8	0.8	0.8	0.0	0.8	0.8	0.0	0.0	0.8	0.8	0.8	0.8	0.8	0.8	0.8	0.8	0.0	0.8	0.8	0.0	0.8	0.8	0.8	0.8
0.8	0.8	0.8	0.8	0.8	0.8	0.8	0.8	0.8	0.8	0.8	0.8	0.8	0.8	0.8	0.8	0.8	0.8	0.8	0.8	0.8	0.8	0.8	0.8
0.8	0.8	0.0	0.0	0.8	0.0	0.8	0.8	0.8	0.8	0.8	0.8	0.8	0.8	0.8	0.8	0.0	0.8	0.8	0.8	0.8	0.8	0.8	0.8
0.8	0.8	0.8	0.0	0.8	0.8	0.8	0.8	0.8	0.8	0.0	0.8	0.8	0.8	0.8	0.8	0.8	0.8	0.8	0.8	0.8	0.8	0.8	0.8
0.8	0.0	0.8	0.8	0.8	0.8	0.8	0.8	0.8	0.8	0.8	0.8	0.8	0.8	0.8	0.8	0.8	0.8	0.8	0.8	0.8	0.8	0.8	0.0
0.8	0.8	0.8	0.8	0.8	0.8	0.8	0.8	0.8	0.8	0.8	0.8	0.8	0.8	0.8	0.8	0.8	0.8	0.8	0.8	0.8	0.0	0.8	0.8
0.8	0.8	0.8	0.8	0.8	0.8	0.8	0.8	0.8	0.8	0.8	0.8	0.8	0.0	0.8	0.8	0.0	0.8	0.8	0.8	0.8	0.8	0.8	0.8
0.0	0.8	0.8	0.8	0.8	0.8	0.8	0.8	0.8	0.8	0.8	0.8	0.8	0.8	0.8	0.8	0.8	0.8	0.8	0.8	0.8	0.8	0.8	0.0
0.8	0.8	0.8	0.8	0.8	0.8	0.8	0.8	0.8	0.8	0.8	0.0	0.8	0.8	0.8	0.8	0.0	0.8	0.8	0.8	0.8	0.8	0.8	0.8
0.8	0.0	0.8	0.8	0.8	0.8	0.8	0.8	0.8	0.8	0.8	0.8	0.8	0.8	0.8	0.8	0.8	0.8	0.8	0.8	0.8	0.8	0.0	0.8
0.8	0.8	0.8	0.8	0.8	0.8	0.8	0.8	0.8	0.8	0.8	0.8	0.8	0.8	0.8	0.8	0.0	0.8	0.8	0.8	0.0	0.8	0.8	0.8
0.8	0.8	0.8	0.8	0.8	0.0	0.8	0.8	0.8	0.8	0.8	0.8	0.8	0.8	0.8	0.8	0.8	0.8	0.8	0.8	0.8	0.0	0.8	0.8
0.8	0.8	0.8	0.0	0.8	0.8	0.0	0.0	0.8	0.0	0.0	0.0	0.0	0.0	0.0	0.0	0.0	0.0	0.0	0.0	0.0	0.0	0.0	0.0
0.0	0.0	0.0	0.0	0.0	0.0	0.0	0.0	0.0	0.0	0.0	0.0	0.0	0.0	0.0	0.0	0.0	0.0	0.0	0.0	0.0	0.0	0.0	0.0
0.0	0.0	0.0	0.0	0.0	0.0	0.0	0.0	0.0	0.0	0.0	0.0	0.0	0.0	0.0	0.0	0.0	0.0	0.0	0.0	0.0	0.0	0.0	0.0
l_threonine_100x_stock$b5d8f72551f90eaa633cdb6948ea811577549a6d		Normal
Well	1
0.8	0.8	0.0	0.8	0.8	0.0	0.8	0.8	0.8	0.8	0.0	0.8	0.8	0.8	0.8	0.0	0.8	0.8	0.8	0.8	0.8	0.8	0.8	0.8
0.8	0.8	0.8	0.8	0.8	0.8	0.8	0.8	0.8	0.8	0.8	0.8	0.8	0.8	0.8	0.8	0.8	0.8	0.8	0.8	0.8	0.8	0.8	0.8
0.8	0.8	0.8	0.8	0.8	0.8	0.8	0.8	0.8	0.8	0.8	0.8	0.8	0.8	0.8	0.8	0.8	0.8	0.8	0.8	0.8	0.8	0.8	0.8
0.8	0.8	0.8	0.8	0.8	0.8	0.8	0.8	0.8	0.8	0.8	0.8	0.8	0.0	0.8	0.8	0.8	0.8	0.8	0.8	0.0	0.8	0.8	0.8
0.8	0.8	0.8	0.8	0.8	0.8	0.8	0.8	0.8	0.8	0.8	0.8	0.8	0.8	0.8	0.8	0.8	0.8	0.8	0.8	0.8	0.8	0.8	0.8
0.0	0.8	0.0	0.8	0.8	0.8	0.8	0.0	0.0	0.8	0.8	0.8	0.8	0.8	0.8	0.8	0.8	0.0	0.8	0.8	0.8	0.8	0.8	0.8
0.8	0.0	0.8	0.8	0.0	0.8	0.8	0.8	0.8	0.8	0.8	0.8	0.8	0.8	0.8	0.8	0.8	0.8	0.8	0.8	0.0	0.8	0.8	0.8
0.8	0.8	0.0	0.8	0.8	0.8	0.8	0.8	0.8	0.8	0.8	0.8	0.8	0.8	0.8	0.8	0.8	0.8	0.8	0.8	0.8	0.8	0.8	0.0
0.8	0.8	0.8	0.8	0.8	0.8	0.0	0.8	0.8	0.8	0.0	0.8	0.8	0.8	0.8	0.8	0.8	0.8	0.8	0.8	0.8	0.8	0.8	0.8
0.8	0.8	0.8	0.8	0.8	0.8	0.8	0.8	0.8	0.8	0.8	0.8	0.8	0.8	0.8	0.8	0.8	0.8	0.8	0.8	0.8	0.8	0.0	0.8
0.8	0.8	0.8	0.8	0.8	0.8	0.8	0.8	0.8	0.8	0.8	0.8	0.8	0.8	0.8	0.8	0.8	0.8	0.8	0.8	0.8	0.8	0.8	0.8
0.8	0.8	0.0	0.0	0.8	0.8	0.8	0.8	0.8	0.8	0.8	0.8	0.8	0.8	0.0	0.8	0.8	0.8	0.0	0.8	0.8	0.8	0.8	0.8
0.8	0.8	0.8	0.8	0.8	0.8	0.8	0.8	0.8	0.8	0.8	0.8	0.8	0.8	0.8	0.0	0.8	0.8	0.8	0.8	0.0	0.8	0.8	0.8
0.8	0.8	0.8	0.0	0.8	0.8	0.8	0.0	0.8	0.0	0.0	0.0	0.0	0.0	0.0	0.0	0.0	0.0	0.0	0.0	0.0	0.0	0.0	0.0
0.0	0.0	0.0	0.0	0.0	0.0	0.0	0.0	0.0	0.0	0.0	0.0	0.0	0.0	0.0	0.0	0.0	0.0	0.0	0.0	0.0	0.0	0.0	0.0
0.0	0.0	0.0	0.0	0.0	0.0	0.0	0.0	0.0	0.0	0.0	0.0	0.0	0.0	0.0	0.0	0.0	0.0	0.0	0.0	0.0	0.0	0.0	0.0
l_tryptophan_100x_stock$5fcdb5ccad2e2ee1a8036bf1d721594061e25dd9		Normal
Well	1
0.8	0.8	0.8	0.8	0.8	0.8	0.8	0.8	0.8	0.8	0.8	0.8	0.8	0.8	0.8	0.8	0.8	0.8	0.8	0.0	0.8	0.8	0.8	0.8
0.8	0.8	0.8	0.8	0.8	0.8	0.8	0.8	0.8	0.8	0.8	0.8	0.0	0.8	0.8	0.8	0.8	0.8	0.8	0.8	0.8	0.8	0.8	0.8
0.8	0.8	0.8	0.8	0.8	0.8	0.8	0.8	0.8	0.0	0.8	0.0	0.8	0.8	0.0	0.8	0.8	0.8	0.8	0.8	0.0	0.8	0.8	0.8
0.8	0.8	0.8	0.8	0.8	0.8	0.8	0.8	0.8	0.8	0.8	0.8	0.8	0.8	0.8	0.8	0.8	0.8	0.0	0.8	0.8	0.8	0.8	0.8
0.8	0.8	0.8	0.8	0.8	0.8	0.8	0.8	0.8	0.8	0.8	0.8	0.8	0.8	0.8	0.8	0.8	0.8	0.8	0.8	0.8	0.8	0.8	0.8
0.8	0.8	0.8	0.0	0.8	0.8	0.8	0.8	0.8	0.8	0.8	0.8	0.0	0.8	0.8	0.8	0.0	0.8	0.8	0.8	0.0	0.8	0.8	0.8
0.8	0.8	0.8	0.8	0.8	0.8	0.8	0.8	0.0	0.8	0.8	0.8	0.0	0.8	0.8	0.8	0.8	0.8	0.8	0.8	0.8	0.8	0.8	0.0
0.0	0.8	0.8	0.8	0.8	0.8	0.8	0.8	0.8	0.8	0.8	0.8	0.8	0.8	0.8	0.8	0.8	0.8	0.8	0.0	0.8	0.8	0.8	0.8
0.8	0.8	0.8	0.8	0.8	0.8	0.8	0.0	0.8	0.8	0.8	0.8	0.8	0.8	0.8	0.8	0.8	0.8	0.8	0.8	0.8	0.8	0.0	0.8
0.8	0.8	0.8	0.8	0.0	0.8	0.0	0.8	0.8	0.8	0.8	0.8	0.8	0.8	0.8	0.8	0.8	0.8	0.8	0.8	0.8	0.8	0.8	0.8
0.8	0.8	0.8	0.0	0.8	0.0	0.8	0.8	0.0	0.8	0.8	0.8	0.8	0.8	0.8	0.8	0.0	0.8	0.8	0.8	0.8	0.8	0.8	0.0
0.8	0.8	0.8	0.8	0.8	0.8	0.8	0.8	0.8	0.8	0.8	0.8	0.8	0.8	0.8	0.8	0.8	0.8	0.8	0.8	0.8	0.0	0.8	0.8
0.0	0.8	0.8	0.8	0.8	0.8	0.8	0.8	0.0	0.8	0.8	0.0	0.8	0.0	0.8	0.8	0.8	0.8	0.8	0.8	0.8	0.8	0.8	0.8
0.8	0.8	0.8	0.8	0.8	0.8	0.8	0.8	0.8	0.0	0.0	0.0	0.0	0.0	0.0	0.0	0.0	0.0	0.0	0.0	0.0	0.0	0.0	0.0
0.0	0.0	0.0	0.0	0.0	0.0	0.0	0.0	0.0	0.0	0.0	0.0	0.0	0.0	0.0	0.0	0.0	0.0	0.0	0.0	0.0	0.0	0.0	0.0
0.0	0.0	0.0	0.0	0.0	0.0	0.0	0.0	0.0	0.0	0.0	0.0	0.0	0.0	0.0	0.0	0.0	0.0	0.0	0.0	0.0	0.0	0.0	0.0
l_tyrosine_100x_stock$c404e8b3645f57768c6cefab170ecc79d88a18d8		Normal
Well	1
0.0	0.8	0.8	0.8	0.8	0.0	0.0	0.8	0.8	0.8	0.8	0.8	0.8	0.8	0.8	0.8	0.8	0.8	0.8	0.8	0.8	0.8	0.8	0.8
0.8	0.8	0.8	0.8	0.8	0.8	0.8	0.8	0.8	0.8	0.8	0.8	0.8	0.8	0.0	0.8	0.8	0.8	0.8	0.8	0.0	0.8	0.8	0.8
0.8	0.8	0.8	0.8	0.8	0.8	0.8	0.8	0.8	0.8	0.8	0.8	0.8	0.8	0.8	0.8	0.8	0.8	0.8	0.8	0.8	0.8	0.8	0.8
0.8	0.8	0.8	0.8	0.0	0.8	0.0	0.8	0.8	0.8	0.0	0.8	0.8	0.8	0.8	0.8	0.8	0.8	0.8	0.8	0.8	0.8	0.8	0.8
0.8	0.8	0.8	0.8	0.8	0.8	0.8	0.8	0.8	0.8	0.8	0.8	0.8	0.8	0.8	0.8	0.8	0.8	0.8	0.8	0.8	0.0	0.8	0.8
0.8	0.0	0.8	0.8	0.8	0.8	0.8	0.8	0.8	0.8	0.8	0.8	0.8	0.8	0.0	0.0	0.8	0.8	0.8	0.8	0.8	0.8	0.8	0.0
0.8	0.8	0.8	0.8	0.8	0.8	0.8	0.8	0.8	0.8	0.8	0.8	0.8	0.8	0.8	0.8	0.8	0.0	0.8	0.8	0.0	0.8	0.8	0.8
0.8	0.8	0.0	0.8	0.8	0.8	0.8	0.8	0.8	0.8	0.8	0.8	0.8	0.8	0.8	0.8	0.8	0.8	0.8	0.8	0.8	0.8	0.0	0.8
0.8	0.8	0.8	0.8	0.8	0.8	0.8	0.8	0.8	0.8	0.8	0.8	0.8	0.8	0.0	0.8	0.8	0.8	0.8	0.8	0.8	0.8	0.0	0.8
0.8	0.8	0.8	0.8	0.8	0.8	0.8	0.0	0.8	0.8	0.8	0.8	0.8	0.8	0.8	0.8	0.8	0.8	0.0	0.8	0.8	0.0	0.8	0.8
0.8	0.8	0.8	0.0	0.8	0.8	0.8	0.8	0.8	0.8	0.8	0.0	0.8	0.8	0.8	0.0	0.8	0.8	0.8	0.8	0.8	0.8	0.8	0.8
0.0	0.8	0.8	0.8	0.8	0.8	0.8	0.8	0.8	0.8	0.0	0.0	0.8	0.0	0.8	0.8	0.0	0.0	0.8	0.8	0.8	0.8	0.8	0.8
0.8	0.8	0.8	0.8	0.8	0.8	0.8	0.8	0.8	0.8	0.8	0.8	0.8	0.0	0.8	0.8	0.8	0.8	0.8	0.0	0.8	0.8	0.8	0.8
0.8	0.8	0.8	0.8	0.8	0.8	0.8	0.8	0.8	0.0	0.0	0.0	0.0	0.0	0.0	0.0	0.0	0.0	0.0	0.0	0.0	0.0	0.0	0.0
0.0	0.0	0.0	0.0	0.0	0.0	0.0	0.0	0.0	0.0	0.0	0.0	0.0	0.0	0.0	0.0	0.0	0.0	0.0	0.0	0.0	0.0	0.0	0.0
0.0	0.0	0.0	0.0	0.0	0.0	0.0	0.0	0.0	0.0	0.0	0.0	0.0	0.0	0.0	0.0	0.0	0.0	0.0	0.0	0.0	0.0	0.0	0.0
l_valine_100x_stock$2ea3dcbaafa54cdc5095ed7f57896af681d228ef		Normal
Well	1
0.8	0.8	0.8	0.8	0.8	0.8	0.8	0.8	0.0	0.8	0.8	0.8	0.8	0.0	0.8	0.8	0.8	0.8	0.8	0.8	0.8	0.8	0.8	0.8
0.8	0.8	0.8	0.8	0.8	0.8	0.8	0.8	0.8	0.8	0.8	0.8	0.8	0.0	0.8	0.8	0.8	0.0	0.8	0.8	0.8	0.0	0.8	0.8
0.0	0.8	0.8	0.8	0.8	0.8	0.8	0.8	0.8	0.8	0.0	0.8	0.8	0.8	0.8	0.8	0.8	0.0	0.0	0.8	0.8	0.8	0.8	0.8
0.8	0.8	0.8	0.8	0.0	0.8	0.8	0.8	0.8	0.8	0.8	0.0	0.8	0.8	0.8	0.8	0.8	0.8	0.8	0.8	0.8	0.8	0.8	0.8
0.8	0.8	0.8	0.8	0.8	0.8	0.8	0.8	0.8	0.8	0.8	0.8	0.8	0.8	0.8	0.8	0.8	0.8	0.8	0.8	0.8	0.8	0.8	0.8
0.8	0.8	0.8	0.8	0.8	0.8	0.8	0.8	0.8	0.8	0.8	0.8	0.8	0.8	0.8	0.8	0.8	0.8	0.8	0.8	0.8	0.8	0.8	0.8
0.8	0.8	0.8	0.8	0.8	0.8	0.8	0.8	0.8	0.8	0.8	0.8	0.8	0.0	0.0	0.8	0.8	0.8	0.0	0.8	0.8	0.8	0.8	0.8
0.8	0.8	0.8	0.0	0.8	0.0	0.8	0.8	0.8	0.0	0.8	0.8	0.8	0.8	0.8	0.8	0.8	0.0	0.8	0.8	0.8	0.8	0.8	0.8
0.8	0.0	0.8	0.8	0.8	0.8	0.8	0.8	0.8	0.0	0.8	0.8	0.8	0.8	0.8	0.8	0.8	0.8	0.8	0.0	0.8	0.0	0.8	0.8
0.8	0.8	0.8	0.8	0.8	0.8	0.8	0.8	0.8	0.8	0.8	0.8	0.8	0.8	0.8	0.8	0.8	0.8	0.8	0.8	0.8	0.8	0.8	0.8
0.8	0.8	0.8	0.8	0.8	0.8	0.8	0.8	0.8	0.8	0.0	0.8	0.8	0.8	0.0	0.8	0.8	0.0	0.8	0.8	0.8	0.8	0.8	0.8
0.8	0.8	0.8	0.8	0.8	0.8	0.0	0.8	0.8	0.8	0.8	0.0	0.8	0.0	0.8	0.8	0.8	0.8	0.8	0.8	0.8	0.8	0.8	0.8
0.8	0.8	0.8	0.8	0.8	0.8	0.8	0.8	0.8	0.0	0.0	0.8	0.8	0.8	0.8	0.8	0.8	0.8	0.8	0.8	0.8	0.8	0.8	0.8
0.8	0.8	0.8	0.8	0.8	0.8	0.8	0.8	0.8	0.0	0.0	0.0	0.0	0.0	0.0	0.0	0.0	0.0	0.0	0.0	0.0	0.0	0.0	0.0
0.0	0.0	0.0	0.0	0.0	0.0	0.0	0.0	0.0	0.0	0.0	0.0	0.0	0.0	0.0	0.0	0.0	0.0	0.0	0.0	0.0	0.0	0.0	0.0
0.0	0.0	0.0	0.0	0.0	0.0	0.0	0.0	0.0	0.0	0.0	0.0	0.0	0.0	0.0	0.0	0.0	0.0	0.0	0.0	0.0	0.0	0.0	0.0
prolines_100x_stock$9948a9257cadb0a4c04a4c27e6668a4bce4c3fc7		Normal
Well	1
0.8	0.8	0.8	0.0	0.8	0.8	0.8	0.8	0.8	0.8	0.8	0.8	0.8	0.8	0.8	0.8	0.8	0.0	0.8	0.8	0.8	0.8	0.0	0.8
0.8	0.8	0.8	0.8	0.8	0.8	0.8	0.0	0.8	0.8	0.8	0.8	0.8	0.8	0.8	0.8	0.8	0.8	0.8	0.8	0.8	0.8	0.8	0.8
0.8	0.8	0.8	0.8	0.8	0.8	0.8	0.8	0.8	0.8	0.8	0.8	0.8	0.8	0.8	0.8	0.8	0.8	0.8	0.8	0.8	0.8	0.8	0.8
0.8	0.8	0.8	0.8	0.8	0.8	0.0	0.8	0.8	0.8	0.8	0.8	0.8	0.8	0.8	0.8	0.8	0.8	0.8	0.8	0.8	0.8	0.8	0.8
0.8	0.8	0.8	0.8	0.8	0.8	0.8	0.8	0.8	0.8	0.0	0.8	0.8	0.8	0.8	0.8	0.8	0.8	0.8	0.8	0.8	0.8	0.8	0.8
0.0	0.8	0.8	0.8	0.8	0.8	0.8	0.8	0.0	0.8	0.8	0.8	0.8	0.0	0.8	0.8	0.8	0.8	0.8	0.8	0.8	0.8	0.0	0.8
0.8	0.8	0.8	0.8	0.8	0.8	0.0	0.8	0.8	0.8	0.8	0.0	0.8	0.8	0.8	0.8	0.8	0.8	0.8	0.8	0.8	0.8	0.8	0.8
0.8	0.8	0.8	0.8	0.8	0.8	0.8	0.8	0.8	0.8	0.8	0.8	0.8	0.8	0.8	0.8	0.8	0.8	0.8	0.8	0.8	0.8	0.8	0.8
0.8	0.8	0.0	0.8	0.8	0.8	0.8	0.8	0.8	0.8	0.8	0.8	0.0	0.8	0.8	0.8	0.8	0.8	0.8	0.8	0.0	0.8	0.8	0.8
0.8	0.8	0.8	0.8	0.8	0.8	0.8	0.8	0.8	0.0	0.8	0.8	0.8	0.0	0.8	0.8	0.8	0.8	0.8	0.8	0.8	0.8	0.8	0.0
0.0	0.8	0.8	0.8	0.8	0.8	0.8	0.8	0.8	0.8	0.8	0.8	0.8	0.8	0.8	0.0	0.8	0.8	0.8	0.8	0.8	0.8	0.8	0.8
0.0	0.8	0.8	0.8	0.8	0.8	0.8	0.8	0.8	0.8	0.8	0.8	0.0	0.8	0.8	0.0	0.8	0.8	0.8	0.0	0.8	0.8	0.8	0.8
0.8	0.8	0.8	0.8	0.0	0.0	0.8	0.8	0.8	0.8	0.8	0.8	0.8	0.8	0.8	0.0	0.8	0.8	0.8	0.8	0.8	0.8	0.8	0.8
0.8	0.8	0.8	0.8	0.8	0.8	0.8	0.8	0.8	0.0	0.0	0.0	0.0	0.0	0.0	0.0	0.0	0.0	0.0	0.0	0.0	0.0	0.0	0.0
0.0	0.0	0.0	0.0	0.0	0.0	0.0	0.0	0.0	0.0	0.0	0.0	0.0	0.0	0.0	0.0	0.0	0.0	0.0	0.0	0.0	0.0	0.0	0.0
0.0	0.0	0.0	0.0	0.0	0.0	0.0	0.0	0.0	0.0	0.0	0.0	0.0	0.0	0.0	0.0	0.0	0.0	0.0	0.0	0.0	0.0	0.0	0.0
water		Normal
Well	1
22.1	22.1	22.1	22.1	22.1	22.1	22.1	23.1	22.1	20.6	22.1	22.1	22.1	22.1	22.4	22.1	22.1	22.4	20.6	23.1	23.1	22.4	22.1	20.6
23.1	22.1	22.4	22.1	22.1	22.1	22.1	22.1	23.1	22.1	22.4	22.1	22.1	22.1	20.6	22.4	22.1	22.1	23.1	22.1	20.6	22.1	23.1	22.1
22.1	22.4	22.1	22.4	22.1	23.1	19.8	22.1	22.1	22.1	22.1	22.1	20.6	22.1	22.1	22.1	22.4	22.1	23.1	22.1	22.1	22.1	23.1	22.1
23.1	23.1	20.6	22.1	22.1	22.1	22.1	22.1	20.6	22.1	22.1	22.1	22.1	23.1	22.4	22.1	22.4	20.6	22.1	22.1	22.4	22.1	23.1	23.1
23.1	22.4	22.1	22.1	23.1	22.1	22.1	23.1	22.1	22.1	22.1	19.8	22.1	20.6	20.6	20.6	20.6	22.1	19.8	22.1	23.1	22.4	22.1	20.6
22.1	22.1	22.4	22.1	22.1	22.1	22.4	22.4	22.1	22.1	22.1	22.1	22.1	22.4	22.1	20.6	22.1	23.1	22.1	22.4	22.1	23.1	22.1	22.1
22.1	22.1	22.1	22.1	22.1	22.1	23.1	22.1	22.1	22.1	22.4	22.1	22.1	22.1	22.1	22.4	22.1	22.1	22.1	20.6	22.1	22.1	20.6	22.1
23.1	22.4	22.1	22.1	23.1	23.1	22.1	22.1	22.4	22.1	22.4	23.1	23.1	22.1	22.1	20.6	22.1	22.1	22.4	22.1	20.6	22.1	22.1	22.1
22.1	22.1	22.1	22.1	22.4	22.1	23.1	22.1	22.1	23.1	22.1	22.1	22.1	22.1	22.1	22.1	20.6	23.1	22.1	22.1	22.4	22.1	22.1	22.1
22.1	22.1	22.1	23.1	22.1	20.6	22.1	22.1	20.6	22.1	22.4	20.6	22.4	22.1	22.1	22.1	20.6	22.4	22.1	23.1	19.8	22.1	22.1	22.1
22.1	22.1	22.1	22.1	22.1	22.1	22.4	22.1	22.1	22.1	22.1	22.4	22.1	22.4	22.1	22.1	22.1	22.1	20.6	20.6	22.1	22.1	22.1	22.1
22.1	23.1	22.1	22.1	22.1	22.4	22.1	22.4	22.1	20.6	22.4	22.1	23.1	22.1	22.1	22.1	22.1	22.1	22.1	23.1	22.1	23.1	22.1	22.1
22.1	23.1	22.1	22.1	22.1	22.1	23.1	19.8	22.1	22.1	22.1	22.1	22.1	22.1	20.6	22.1	20.6	22.1	22.4	22.1	22.1	22.1	22.1	22.1
22.1	22.1	22.4	22.1	23.1	20.6	22.4	22.1	19.8	0.0	0.0	0.0	0.0	0.0	0.0	0.0	0.0	0.0	0.0	0.0	0.0	0.0	0.0	0.0
0.0	0.0	0.0	0.0	0.0	0.0	0.0	0.0	0.0	0.0	0.0	0.0	0.0	0.0	0.0	0.0	0.0	0.0	0.0	0.0	0.0	0.0	0.0	0.0
0.0	0.0	0.0	0.0	0.0	0.0	0.0	0.0	0.0	0.0	0.0	0.0	0.0	0.0	0.0	0.0	0.0	0.0	0.0	0.0	0.0	0.0	0.0	0.0
